set_id,outfile,Date,year,CropYield,corn_buac,soy_buac,PlantDensityS,PlantDensityH,RootDepth,emergDOY,FlowerDate,MaturityDate,LAI_maximum,ETAnnual,CropTranspiration,AvgDroughtStress,AvgExcessiveWStress,AvgNStress,AvgWTInseason,ResidueWTatSowing,ResidueNatSowing,SWAverage,SWSowing,till
2001,ames_CC_270.out,1996-12-31,1996,245.794,245.794,0,7.9,7.9,1342.945,129,198,255,4.916,748.547,321.507,1.994,1.912,1.752,1367.196,1176.3,10.5,0.352,0.306,normal
2001,ames_CC_270.out,1997-12-31,1997,51.283,0,51.283,0,0,1511,129,186,258,3.876,597.847,219.794,1,1.928,1,1404.295,4036,33.6,0.345,0.344,normal
2001,ames_CC_270.out,1998-12-31,1998,242.22,242.22,0,7.9,7.9,1176.263,126,192,244,3.771,751.403,307.753,1.994,1.905,1.679,1406.029,484.5,5.5,0.341,0.342,normal
2001,ames_CC_270.out,1999-12-31,1999,210.712,210.712,0,7.9,7.772,1365.377,146,207,269,4.173,728.224,287.601,1.994,1.889,1.813,1205.13,1220,9.1,0.341,0.366,normal
2001,ames_CC_270.out,2000-12-31,2000,145.788,145.788,0,7.4,7.4,1505.785,132,200,255,3.809,640.525,253.022,1.993,1.946,1.883,1576.443,2392,20.6,0.352,0.315,normal
2001,ames_CC_270.out,2001-12-31,2001,193.377,193.377,0,6.5,6.5,1514.684,134,199,248,4.364,647.909,272.259,1.994,1.935,1.738,1494.424,1940,18.1,0.343,0.354,normal
2001,ames_CC_270.out,2002-12-31,2002,220.303,220.303,0,7.9,7.9,1494.003,130,195,248,4.745,720.349,320.966,1.991,1.945,1.787,1493.084,1584.7,13.5,0.339,0.347,normal
2001,ames_CC_270.out,2003-12-31,2003,189.005,189.005,0,7.8,6.728,1217.634,126,198,253,3.325,641.97,305.244,1.992,1.888,1.744,1270.347,3493.2,30,0.349,0.342,normal
2001,ames_CC_270.out,2004-12-31,2004,237.969,237.969,0,8,7.814,1389.852,127,201,266,4.013,649.103,267.401,1.994,1.913,1.858,1315.766,1804.5,15.7,0.346,0.352,normal
2001,ames_CC_270.out,2005-12-31,2005,237.73,237.73,0,8,7.982,1526.602,131,199,253,4.969,735.434,353.595,1.994,1.937,1.764,1466.05,1990.3,17.2,0.347,0.338,normal
2001,ames_CC_270.out,2006-12-31,2006,210.527,210.527,0,8,8,1515.637,138,201,256,4.706,663.397,309.8,1.978,1.97,1.781,1673.357,2184.3,19.3,0.355,0.35,normal
2001,ames_CC_270.out,2007-12-31,2007,206.462,206.462,0,8,7.975,1523.953,139,203,256,5.096,711.587,314.439,1.985,1.948,1.8,1498.629,1552.1,14.7,0.349,0.365,normal
2001,ames_CC_270.out,2008-12-31,2008,200.447,200.447,0,7.4,6.882,1146.516,142,211,279,3.762,654.783,269.464,1.994,1.835,1.803,1091.332,2327.4,20.4,0.355,0.369,normal
2001,ames_CC_270.out,2009-12-31,2009,208.544,208.544,0,8,8,1503.099,133,203,266,4.205,594.808,244.664,1.994,1.924,1.86,1342.115,2713.2,23.1,0.357,0.353,normal
2001,ames_CC_270.out,2010-12-31,2010,160.384,160.384,0,8,8,877.848,127,195,243,2.827,654.952,223.1,1.994,1.787,1.743,861.977,1358,11.7,0.349,0.339,normal
2001,ames_CC_270.out,2011-12-31,2011,200.24,200.24,0,7.9,7.9,1499.974,139,204,260,4.201,608.006,234.1,1.994,1.922,1.772,1461.349,2082.8,16.8,0.349,0.338,normal
2001,ames_CC_270.out,2012-12-31,2012,198.833,198.833,0,7.9,7.9,1514.005,137,195,244,4.624,857.953,419.531,1.737,1.994,1.773,1812.156,635,5.6,0.344,0.353,normal
2001,ames_CC_270.out,2013-12-31,2013,139.665,139.665,0,7.9,7.776,1518.525,150,211,265,4.541,663.424,306.082,1.982,1.965,1.861,1580.409,2638.8,26.1,0.337,0.354,normal
2001,ames_CC_270.out,2014-12-31,2014,153.133,153.133,0,7.9,7.9,975.359,134,203,262,2.661,582.831,193.589,1.994,1.815,1.8,896.423,2029.9,21.3,0.352,0.359,normal
2001,ames_CC_270.out,2015-12-31,2015,213.157,213.157,0,8.9,8.9,1284.634,141,206,263,4.493,718.806,279.45,1.993,1.871,1.865,1180.12,1033.1,8.6,0.375,0.332,normal
2001,ames_CC_270.out,2016-12-31,2016,198.668,198.668,0,8.6,8.6,1292.407,127,192,243,5.067,685.691,287.535,1.978,1.923,1.742,1368.503,1523.3,12.7,0.351,0.332,normal
2001,ames_CS_270.out,1996-12-31,1996,64.78,0,64.78,0,0,1501.621,?,187,269,6.229,758.574,257.763,1,1,1,1312.189,1159.2,10.3,0.352,0.307,normal
2001,ames_CS_270.out,1997-12-31,1997,238.36,238.36,0,7.9,7.844,1560.527,127.000,196,250,5.284,786.596,357.662,1.98,1.972,1.728,1783.35,966.4,11.5,0.347,0.32,normal
2001,ames_CS_270.out,1998-12-31,1998,43.796,0,43.796,0,0,1183.185,127.000,182,247,3.79,587.259,199.689,1,1.902,1,1124.465,4181.8,28.7,0.336,0.356,normal
2001,ames_CS_270.out,1999-12-31,1999,221.857,221.857,0,7.9,7.9,1518.751,146.000,207,269,4.437,831.411,305.916,1.994,1.914,1.825,1321.299,199.6,2,0.341,0.352,normal
2001,ames_CS_270.out,2000-12-31,2000,48.722,0,48.722,0,0,1545.898,146.000,186,254,4.466,696.453,231.908,1,1.956,1,1632.851,2577.8,22.3,0.349,0.313,normal
2001,ames_CS_270.out,2001-12-31,2001,211.291,211.291,0,7.5,7.5,1548.526,134.000,199,248,4.844,726.933,307.872,1.991,1.949,1.743,1631.401,487.8,5.2,0.347,0.337,normal
2001,ames_CS_270.out,2002-12-31,2002,43.188,0,43.188,0,0,1346.679,134.000,183,251,3.346,563.185,212.242,1,1.834,1,1113.297,5818.8,65.3,0.335,0.361,normal
2001,ames_CS_270.out,2003-12-31,2003,233.514,233.514,0,7.8,7.8,1500.46,126.000,198,253,4.275,808.794,382.624,1.981,1.938,1.752,1547.983,829.8,8.4,0.349,0.315,normal
2001,ames_CS_270.out,2004-12-31,2004,43.388,0,43.388,0,0,1527.476,126.000,196,0,3.567,643.996,163.555,1,1.957,1,1210.155,2731.5,23.6,0.341,0.342,normal
2001,ames_CS_270.out,2005-12-31,2005,255.48,255.48,0,8,7.937,1566.669,131.000,199,253,5.346,872.927,395.32,1.978,1.964,1.771,1702.257,332.7,5.6,0.347,0.311,normal
2001,ames_CS_270.out,2006-12-31,2006,61.663,0,61.663,0,0,1590.671,131.000,193,275,6.483,675.434,288.185,1,1.917,1,1648.85,2814.2,25.7,0.351,0.345,normal
2001,ames_CS_270.out,2007-12-31,2007,221.474,221.474,0,8,7.97,1576.741,139.000,203,256,5.247,824.992,336.765,1.984,1.962,1.805,1637.781,324.1,4.4,0.349,0.347,normal
2001,ames_CS_270.out,2008-12-31,2008,52.683,0,52.683,0,0,1252.356,139.000,195,0,4.15,623.467,216.2,1,1.833,1,949.598,2902,25.6,0.354,0.363,normal
2001,ames_CS_270.out,2009-12-31,2009,239.223,239.223,0,8,8,1517.46,133.000,203,266,4.724,752.2,282.26,1.994,1.958,1.869,1584.106,343.5,4.2,0.357,0.329,normal
2001,ames_CS_270.out,2010-12-31,2010,44.778,0,44.778,0,0,1093.157,133.000,182,244,4.807,717.169,228.432,1,1.873,1,849.058,1583.7,13.6,0.347,0.348,normal
2001,ames_CS_270.out,2011-12-31,2011,215.317,215.317,0,7.9,7.9,1508.995,139.000,204,260,4.553,679.858,259.735,1.994,1.941,1.776,1576.695,850.8,9.4,0.349,0.323,normal
2001,ames_CS_270.out,2012-12-31,2012,61.32,0,61.32,0,0,1605.594,139.000,185,252,6.092,861.945,369.988,0.935,1.966,1,1824.733,1327.9,11.6,0.341,0.349,normal
2001,ames_CS_270.out,2013-12-31,2013,152.74,152.74,0,7.9,7.9,1563.619,150.000,211,265,4.904,826.409,352.742,1.9,1.98,1.865,1721.369,412.4,4.5,0.334,0.315,normal
2001,ames_CS_270.out,2014-12-31,2014,51.683,0,51.683,0,0,1365.127,150.000,190,270,5.667,642.424,214.901,1,1.999,1,934.143,2050.6,19.8,0.35,0.352,normal
2001,ames_CS_270.out,2015-12-31,2015,222.969,222.969,0,8.9,8.9,1511.297,141.000,206,263,4.772,805.906,292.819,1.993,1.891,1.868,1327.546,250.6,3.1,0.375,0.304,normal
2001,ames_CS_270.out,2016-12-31,2016,56.869,0,56.869,0,0,1527.5,141.000,184,251,5.96,754.791,261.46,1,1.854,1,1355.3,1136.1,9.4,0.348,0.341,normal
2001,ames_SC_270.out,1996-12-31,1996,252.532,252.532,0,7.9,7.9,1506.229,129,198,255,4.985,758.555,332.872,1.994,1.914,1.75,1382.456,1176.3,10.5,0.352,0.306,normal
2001,ames_SC_270.out,1997-12-31,1997,50.433,0,50.433,0,0,1509.03,129,186,258,3.781,583.433,215.789,1,1.93,1,1377.248,4262.2,33.1,0.345,0.345,normal
2001,ames_SC_270.out,1998-12-31,1998,241.432,241.432,0,7.9,7.9,1177.579,126,192,244,3.773,751.087,307.045,1.994,1.905,1.673,1405.716,478.2,5.5,0.341,0.342,normal
2001,ames_SC_270.out,1999-12-31,1999,50.314,0,50.314,0,0,1357.588,126,190,266,4.014,743.638,215.811,1,1.866,1,1088.579,1525.3,11.2,0.338,0.368,normal
2001,ames_SC_270.out,2000-12-31,2000,152.859,152.859,0,7.4,6.646,1530.921,132,200,255,4.003,750.993,284.554,1.992,1.975,1.893,1757.274,569.2,6.9,0.352,0.199,normal
2001,ames_SC_270.out,2001-12-31,2001,61.817,0,61.817,0,0,1563.841,132,190,263,5.618,678.049,284.591,1,2,1,1458.297,3068.8,29.3,0.341,0.357,normal
2001,ames_SC_270.out,2002-12-31,2002,236.347,236.347,0,7.9,7.9,1527.935,130,195,248,4.935,809.952,345.383,1.986,1.961,1.789,1668.511,477.2,5.6,0.339,0.335,normal
2001,ames_SC_270.out,2003-12-31,2003,68.309,0,68.309,0,0,1505.374,130,190,267,6.526,672.978,316.135,0.999,1.878,1,1235.047,3815.7,32.5,0.346,0.343,normal
2001,ames_SC_270.out,2004-12-31,2004,259.683,259.683,0,8,7.814,1508.467,127,201,266,4.353,747.064,294.502,1.994,1.94,1.866,1471.032,436.5,5.2,0.346,0.34,normal
2001,ames_SC_270.out,2005-12-31,2005,66.977,0,66.977,0,0,1510,127,191,262,6.638,747.015,320.653,1,2,1,1378.326,2326.7,20.1,0.344,0.323,normal
2001,ames_SC_270.out,2006-12-31,2006,232.897,232.897,0,8,7.975,1603.297,138,201,256,4.82,777.977,340.692,1.955,1.983,1.783,1804.771,435.3,5.2,0.355,0.334,normal
2001,ames_SC_270.out,2007-12-31,2007,64.728,0,64.728,0,0,1575.04,138,193,264,7.56,721.692,317.598,1,1.821,1,1440.289,2608.5,23.3,0.347,0.36,normal
2001,ames_SC_270.out,2008-12-31,2008,229.975,229.975,0,7.4,7.379,1353.715,142,211,280,4.233,790.772,318.879,1.994,1.863,1.81,1208.071,474.2,5.1,0.355,0.351,normal
2001,ames_SC_270.out,2009-12-31,2009,59.93,0,59.93,0,0,1500.486,142,190,0,5.705,561.49,227.409,1,1.876,1,1256.01,3655.1,31.1,0.357,0.362,normal
2001,ames_SC_270.out,2010-12-31,2010,174.993,174.993,0,8,8,1060.203,127,195,243,3.037,722.877,243.455,1.994,1.802,1.748,945.081,432.8,5.7,0.349,0.328,normal
2001,ames_SC_270.out,2011-12-31,2011,50.462,0,50.462,0,0,1538.266,127,193,270,4.359,647.577,192.02,1,1.823,1,1407.815,1815.5,14.6,0.343,0.336,normal
2001,ames_SC_270.out,2012-12-31,2012,197.01,197.01,0,7.9,7.489,1564.964,137,195,244,4.606,933.498,421.226,1.733,1.995,1.774,1846.1,91.5,1.2,0.344,0.341,normal
2001,ames_SC_270.out,2013-12-31,2013,34.915,0,34.915,0,0,1527.202,137,200,270,4.328,625.174,187.43,0.996,2,1,1639.787,1496.7,14.7,0.334,0.36,normal
2001,ames_SC_270.out,2014-12-31,2014,186.489,186.489,0,7.9,7.9,1266.471,134,203,262,3.289,710.196,236.094,1.994,1.854,1.809,1109.61,320.7,4.1,0.352,0.34,normal
2001,ames_SC_270.out,2015-12-31,2015,56.571,0,56.571,0,0,1313.223,134,196,268,5.387,737.937,246.528,1,1.76,1,1029.478,1311.8,10.9,0.374,0.344,normal
2001,ames_SC_270.out,2016-12-31,2016,213.153,213.153,0,8.6,8.6,1585.672,127,192,243,5.274,765.928,308.552,1.987,1.93,1.745,1520.57,327.7,4,0.351,0.301,normal
