set_id,outfile,Date,year,CropYield,corn_buac,soy_buac,PlantDensityS,PlantDensityH,RootDepth,emergDOY,FlowerDate,MaturityDate,LAI_maximum,ETAnnual,CropTranspiration,AvgDroughtStress,AvgExcessiveWStress,AvgNStress,AvgWTInseason,ResidueWTatSowing,ResidueNatSowing,SWAverage,SWSowing,till
2003,nash_CC_270.out,1997-12-31,1997,44.921,0,44.921,0,0,1508.206,?,191,276,3.646,739.508,177.865,1,1,1,1574.738,1202.7,10.7,0.286,0.276,normal
2003,nash_CC_270.out,1998-12-31,1998,208.214,208.214,0,8,8,1268.745,126.000,193,247,3.23,699.933,270.823,1.994,1.861,1.714,1631.323,412.2,5.9,0.297,0.295,normal
2003,nash_CC_270.out,1999-12-31,1999,57.247,0,57.247,0,0,1338.995,126.000,185,266,4.593,724.448,254.349,1,1.76,1,1133.011,2152.4,17.7,0.283,0.308,normal
2003,nash_CC_270.out,2000-12-31,2000,226.188,226.188,0,8,8,1513.862,126.000,196,254,3.904,739.172,309.709,1.99,1.936,1.761,2123.118,761.2,8.9,0.319,0.244,normal
2003,nash_CC_270.out,2001-12-31,2001,51.31,0,51.31,0,0,1545.944,126.000,188,270,4.178,628.248,231.355,1,1.956,1,1670.01,2894.8,22.6,0.281,0.302,normal
2003,nash_CC_270.out,2002-12-31,2002,250.23,250.23,0,8,8,1434.5,128.000,192,247,4.794,782.813,336.807,1.942,1.978,1.733,2212.517,418.3,5,0.291,0.285,normal
2003,nash_CC_270.out,2003-12-31,2003,60.459,0,60.459,0,0,1406.934,128.000,190,0,5.46,655.544,299.077,0.949,1.932,1,1673.437,2842.8,21.8,0.267,0.306,normal
2003,nash_CC_270.out,2004-12-31,2004,213.086,213.086,0,8,8,1226.359,129.000,200,263,3.311,695.935,256.515,1.994,1.858,1.795,1509.43,719.5,8.5,0.297,0.288,normal
2003,nash_CC_270.out,2005-12-31,2005,206.413,206.413,0,8.7,5.593,1023.049,128.000,198,254,2.847,689.61,270.781,1.994,1.845,1.806,1369.636,2271.5,19.4,0.303,0.311,normal
2003,nash_CC_270.out,2006-12-31,2006,192.651,192.651,0,8.7,8.561,1110.268,127.000,199,256,4.809,677.322,314.164,1.917,1.931,1.834,1896.11,1762.4,14.7,0.312,0.303,normal
2003,nash_CC_270.out,2007-12-31,2007,238.383,238.383,0,8.7,8.7,1403.39,130.000,198,254,4.925,654.372,328.87,1.993,1.864,1.858,1439.473,3459.2,33,0.307,0.311,normal
2003,nash_CC_270.out,2008-12-31,2008,232.071,232.071,0,8.7,8.7,1228.52,137.000,207,270,4.05,635.888,292.025,1.994,1.865,1.872,1511.09,2961.2,24.9,0.314,0.336,normal
2003,nash_CC_270.out,2009-12-31,2009,225.944,225.944,0,8.7,0,1216.144,116.000,194,258,4.129,640.909,310.187,1.995,1.86,1.752,1569.334,2862,24.4,0.32,0.288,normal
2003,nash_CC_270.out,2010-12-31,2010,199.876,199.876,0,8.9,8.736,900.189,117.000,192,243,3.395,599.029,284.289,1.994,1.798,1.748,1183.935,4417.8,31.9,0.311,0.31,normal
2003,nash_CC_270.out,2011-12-31,2011,226.844,226.844,0,8.7,8.7,1327.02,131.000,201,255,4.305,652.583,303.901,1.994,1.891,1.806,1638.833,2717.6,19,0.299,0.317,normal
2003,nash_CC_270.out,2012-12-31,2012,232.223,232.223,0,8.7,8.552,1244.905,125.000,192,244,4.894,801.545,396.629,1.655,1.97,1.859,2005.442,1632.9,14,0.29,0.304,normal
2003,nash_CC_270.out,2013-12-31,2013,201.431,201.431,0,8.7,8.368,1371.181,139.000,207,270,4.823,720.938,386.854,1.813,1.91,1.818,1837.965,1999.2,20.2,0.228,0.323,normal
2003,nash_CC_270.out,2014-12-31,2014,190.173,190.173,0,8.7,8.495,1032.725,136.000,206,272,3.278,506.676,251.027,1.994,1.84,1.867,1412.025,4856.7,44.7,0.313,0.33,normal
2003,nash_CC_270.out,2015-12-31,2015,222.801,222.801,0,8.7,8.659,1213.297,125.000,199,257,3.737,682.317,305.166,1.994,1.846,1.823,1452.766,2338.4,20,0.315,0.306,normal
2003,nash_CC_270.out,2016-12-31,2016,158.787,158.787,0,8.7,8.652,877.948,116.000,192,245,3.236,615.949,241.589,1.994,1.748,1.741,1002.522,2363.4,20.1,0.312,0.297,normal
2003,nash_CC_270.out,2017-12-31,2017,42.2,42.2,0,8.7,8.55,985.612,130.000,199,261,2.062,534.339,133.002,1.994,1.818,1.546,1220.185,2274.7,18.3,0.299,0.303,normal
2003,nash_CC_270.out,2018-12-31,2018,54.282,54.282,0,8.7,8.437,929.085,128.000,192,248,1.83,517.266,112.85,1.994,1.749,1.487,901.432,2172.3,18.4,0.312,0.299,normal
2003,nash_CC_270.out,2019-12-31,2019,217.171,217.171,0,8.7,8.548,1246.051,136.000,202,263,3.998,654.45,280.81,1.994,1.884,1.792,1643.788,1239.8,10.5,0.306,0.307,normal
2003,nash_CS_270.out,1997-12-31,1997,232.966,232.966,0,8,7.83,1416.931,128,199,260,3.907,700.196,275.795,1.994,1.877,1.799,1626.575,1225.8,10.9,0.292,0.27,normal
2003,nash_CS_270.out,1998-12-31,1998,60.519,0,60.519,0,0,1391.665,128,183,254,5.53,669.299,275.471,1,1.853,1,1465.401,2594.1,21.4,0.292,0.303,normal
2003,nash_CS_270.out,1999-12-31,1999,215.27,215.27,0,8,7.604,1399.387,126,194,247,3.909,753.411,282.599,1.993,1.816,1.655,1229.559,532.1,5,0.298,0.304,normal
2003,nash_CS_270.out,2000-12-31,2000,44.848,0,44.848,0,0,1430.576,126,189,272,3.489,717.274,202.239,1,1.853,1,1714.822,2264.5,14.6,0.316,0.284,normal
2003,nash_CS_270.out,2001-12-31,2001,237.944,237.944,0,8,7.893,1474.799,127,195,247,4.803,738.097,339.677,1.865,1.953,1.721,2034.899,326.7,3.9,0.286,0.281,normal
2003,nash_CS_270.out,2002-12-31,2002,7.549,0,7.549,0,0,1500.807,127,185,257,0.358,710.568,32.103,1,1.952,1,1488.354,2692.3,18.6,0.281,0.31,normal
2003,nash_CS_270.out,2003-12-31,2003,238.47,238.47,0,8,0,1515.002,128,199,253,4.189,797.843,353.288,1.851,1.949,1.753,2094.645,133.4,1.1,0.267,0.244,normal
2003,nash_CS_270.out,2004-12-31,2004,43.162,0,43.162,0,0,1308.204,128,190,0,3.419,572.796,168.405,1,1.998,1,1229.82,3258.3,22.3,0.291,0.308,normal
2003,nash_CS_270.out,2005-12-31,2005,216.128,216.128,0,8.7,5.648,1332.514,128,198,254,3.136,794.143,286.385,1.994,1.879,1.814,1617.675,388.9,4.9,0.304,0.294,normal
2003,nash_CS_270.out,2006-12-31,2006,62.32,0,62.32,0,0,1558.827,128,188,0,6.33,707.419,284.079,0.995,1.83,1,1913.989,1847.3,15.5,0.306,0.304,normal
2003,nash_CS_270.out,2007-12-31,2007,240.737,240.737,0,8.7,8.696,1520.492,130,198,254,5.089,775.712,336.094,1.988,1.898,1.864,1659.35,503,6.9,0.307,0.29,normal
2003,nash_CS_270.out,2008-12-31,2008,47.4,0,47.4,0,0,1262.377,130,192,0,3.912,590.953,198.849,1,1.819,1,1256.074,3221.3,27.1,0.311,0.335,normal
2003,nash_CS_270.out,2009-12-31,2009,235.003,235.003,0,8.7,0,1471.611,116,194,258,4.501,751.674,326.468,1.995,1.886,1.767,1737.349,375.4,5.5,0.32,0.26,normal
2003,nash_CS_270.out,2010-12-31,2010,51.957,0,51.957,0,0,1178.507,116,183,252,4.322,597.555,231.957,1,1.814,1,1114.794,4745.1,41,0.305,0.3,normal
2003,nash_CS_270.out,2011-12-31,2011,228.633,228.633,0,8.7,8.7,1458.982,131,201,255,4.418,743.354,309.326,1.994,1.914,1.813,1762.622,683.2,6.8,0.297,0.31,normal
2003,nash_CS_270.out,2012-12-31,2012,54.011,0,54.011,0,0,1538.5,131,190,0,6.04,811.987,339.439,0.76,1.985,1,2185.804,1163.8,10,0.285,0.296,normal
2003,nash_CS_270.out,2013-12-31,2013,202.528,202.528,0,8.7,8.478,1445.8,139,207,270,4.873,794.456,388.959,1.816,1.914,1.823,1861.865,471.7,6.1,0.226,0.312,normal
2003,nash_CS_270.out,2014-12-31,2014,45.354,0,45.354,0,0,1399.491,139,191,0,5.522,484.826,206.804,1,2,1,1260.94,4983.6,45.7,0.312,0.33,normal
2003,nash_CS_270.out,2015-12-31,2015,235.627,235.627,0,8.7,8.7,1339.942,125,199,257,4.112,779.57,322.361,1.994,1.887,1.836,1667.529,471.4,8.4,0.315,0.292,normal
2003,nash_CS_270.out,2016-12-31,2016,14.065,0,14.065,0,0,1115.667,125,182,256,0.866,754.234,58.22,1,1.951,1,1023.703,2540.7,21.8,0.31,0.292,normal
2003,nash_CS_270.out,2017-12-31,2017,144.61,144.61,0,8.7,8.628,1428.379,130,199,261,3.981,689.623,237.802,1.994,1.863,1.603,1427.607,139.3,1.4,0.3,0.293,normal
2003,nash_CS_270.out,2018-12-31,2018,0,0,0,8.7,8.393,903.897,128,192,248,0.849,486.175,43.239,1.994,1.742,1.417,863.669,3068.4,20.3,0.312,0.302,normal
2003,nash_CS_270.out,2019-12-31,2019,211.704,211.704,0,8.7,8.594,1468.979,136,202,263,3.972,676.016,274.835,1.994,1.885,1.793,1668.14,701.3,6.2,0.306,0.301,normal
2003,nash_SC_270.out,1997-12-31,1997,44.689,0,44.689,0,0,1508.603,?,191,276,3.616,739.604,176.9,1,1,1,1574.853,1202.7,10.7,0.286,0.276,normal
2003,nash_SC_270.out,1998-12-31,1998,208.221,208.221,0,8,8,1269.006,126.000,193,247,3.23,700.058,270.835,1.994,1.861,1.714,1631.461,410.3,5.9,0.297,0.295,normal
2003,nash_SC_270.out,1999-12-31,1999,56.917,0,56.917,0,0,1318.087,126.000,185,266,4.549,724.787,252.916,1,1.76,1,1133.439,2151.9,17.7,0.283,0.308,normal
2003,nash_SC_270.out,2000-12-31,2000,223.636,223.636,0,8,7.665,1514.286,126.000,196,254,3.802,738.412,305.553,1.99,1.936,1.761,2122.966,757.9,8.8,0.319,0.244,normal
2003,nash_SC_270.out,2001-12-31,2001,51.755,0,51.755,0,0,1556.009,126.000,188,270,4.232,633.479,233.825,1,1.956,1,1696.692,2808.9,22.8,0.28,0.301,normal
2003,nash_SC_270.out,2002-12-31,2002,249.562,249.562,0,8,7.848,1434.5,128.000,192,247,4.758,782.056,335.584,1.942,1.978,1.733,2212.819,421.1,5.1,0.291,0.285,normal
2003,nash_SC_270.out,2003-12-31,2003,60.393,0,60.393,0,0,1398.193,128.000,190,0,5.471,657.425,298.96,0.948,1.932,1,1678.229,2815.2,22.1,0.267,0.305,normal
2003,nash_SC_270.out,2004-12-31,2004,199.998,199.998,0,8,8,1226.831,129.000,200,263,3.312,685.096,245.487,1.994,1.854,1.722,1489.895,716.4,8.4,0.3,0.288,normal
2003,nash_SC_270.out,2005-12-31,2005,53.06,0,53.06,0,0,1332.136,129.000,187,261,4.125,681.657,242.375,1,1.93,1,1246.602,2708,17.7,0.303,0.308,normal
2003,nash_SC_270.out,2006-12-31,2006,194.088,194.088,0,8.7,8.608,1542.549,127.000,199,256,4.984,749.657,320.926,1.927,1.95,1.839,2032.126,526.9,6,0.311,0.291,normal
2003,nash_SC_270.out,2007-12-31,2007,63.018,0,63.018,0,0,1485.746,127.000,184,0,6.258,653.395,280.287,1,1.969,1,1248.369,3475.3,33.8,0.308,0.315,normal
2003,nash_SC_270.out,2008-12-31,2008,239.795,239.795,0,8.7,8.7,1329.74,137.000,207,271,4.175,748.694,300.582,1.994,1.883,1.886,1604.543,397.1,4,0.313,0.325,normal
2003,nash_SC_270.out,2009-12-31,2009,49.843,0,49.843,0,0,1467.836,137.000,190,0,4.503,620.904,188.36,1,1.924,1,1373.459,2693.7,22.9,0.321,0.281,normal
2003,nash_SC_270.out,2010-12-31,2010,226.263,226.263,0,8.9,8.853,1297.141,117.000,192,243,4.102,778.73,346.505,1.993,1.875,1.858,1619.605,523.6,8.7,0.312,0.285,normal
2003,nash_SC_270.out,2011-12-31,2011,41.977,0,41.977,0,0,1445.002,117.000,203,0,4.534,627.92,200.674,1,1.961,1,1561.554,2680.4,23.1,0.289,0.303,normal
2003,nash_SC_270.out,2012-12-31,2012,234.639,234.639,0,8.7,8.617,1513.559,125.000,192,244,4.998,882.569,404.339,1.658,1.982,1.864,2116.58,237.4,4.8,0.288,0.276,normal
2003,nash_SC_270.out,2013-12-31,2013,56.982,0,56.982,0,0,1523.978,125.000,192,0,5.49,663.611,283.966,0.991,2,1,1636.909,2212.5,22.3,0.248,0.324,normal
2003,nash_SC_270.out,2014-12-31,2014,197.024,197.024,0,8.7,8.546,1347.891,136.000,206,272,3.523,661.974,265.348,1.994,1.874,1.877,1542.809,629.3,8.2,0.313,0.317,normal
2003,nash_SC_270.out,2015-12-31,2015,46.407,0,46.407,0,0,1335.559,136.000,185,0,3.721,716.561,216.21,1,1.818,1,1296.441,2750,23.8,0.31,0.311,normal
2003,nash_SC_270.out,2016-12-31,2016,168.752,168.752,0,8.7,8.676,1200.269,116.000,192,245,3.577,711.125,259.182,1.994,1.771,1.75,1133.461,282.3,3.8,0.312,0.286,normal
2003,nash_SC_270.out,2017-12-31,2017,0,0,0,8.7,8.525,1081.711,130.000,199,261,1.531,490.764,80.027,1.994,1.801,1.461,1148.466,2734.7,21.9,0.297,0.304,normal
2003,nash_SC_270.out,2018-12-31,2018,36.863,36.863,0,8.7,8.469,1035.571,128.000,192,248,1.668,532.312,95.019,1.994,1.751,1.453,907.818,1646.6,14.2,0.312,0.296,normal
2003,nash_SC_270.out,2019-12-31,2019,60.295,0,60.295,0,0,1530.203,128.000,190,268,5.633,677.179,266.281,1,1.773,1,1668.353,1209.4,9.9,0.305,0.308,normal
