set_id,outfile,Date,year,CropYield,corn_buac,soy_buac,PlantDensityS,PlantDensityH,RootDepth,emergDOY,FlowerDate,MaturityDate,LAI_maximum,ETAnnual,CropTranspiration,AvgDroughtStress,AvgExcessiveWStress,AvgNStress,AvgWTInseason,ResidueWTatSowing,ResidueNatSowing,SWAverage,SWSowing,till
2005,ames_CC_270.out,1996-12-31,1996,249.584,249.584,0,7.9,7.9,1345.657,129,198,255,4.956,754.086,327.857,1.994,1.913,1.752,1374.673,1176.3,10.5,0.352,0.306,normal
2005,ames_CC_270.out,1997-12-31,1997,50.845,0,50.845,0,0,1515.766,129,186,258,3.827,589.837,217.735,1,1.931,1,1389.266,4162.8,33.3,0.345,0.345,normal
2005,ames_CC_270.out,1998-12-31,1998,241.962,241.962,0,7.9,7.9,1177.43,126,192,244,3.772,751.347,307.5,1.994,1.905,1.676,1405.982,481.2,5.5,0.341,0.342,normal
2005,ames_CC_270.out,1999-12-31,1999,215.147,215.147,0,7.9,7.772,1378.309,146,207,269,4.215,733.159,293.718,1.994,1.892,1.813,1213.722,1223.2,9,0.341,0.366,normal
2005,ames_CC_270.out,2000-12-31,2000,151.63,151.63,0,7.4,7.4,1505.249,132,200,255,3.902,648.086,268.317,1.993,1.946,1.883,1589.035,2475.6,21.3,0.352,0.316,normal
2005,ames_CC_270.out,2001-12-31,2001,199.465,199.465,0,6.5,6.5,1507.07,134,199,248,4.396,639.09,278.99,1.994,1.933,1.736,1485.855,2441.3,22.4,0.347,0.355,normal
2005,ames_CC_270.out,2002-12-31,2002,227.728,227.728,0,7.9,7.9,1490.916,130,195,248,4.813,726.803,331.16,1.99,1.945,1.786,1495.497,1624.1,13.8,0.339,0.348,normal
2005,ames_CC_270.out,2003-12-31,2003,197.025,197.025,0,7.8,6.672,1233.665,126,198,253,3.343,652.602,323.414,1.991,1.89,1.744,1289.891,3624.6,31.2,0.349,0.342,normal
2005,ames_CC_270.out,2004-12-31,2004,247.064,247.064,0,8,8,1384.727,127,201,266,4.093,648.823,277.252,1.994,1.913,1.857,1318.494,2015.5,17.5,0.347,0.352,normal
2005,ames_CC_270.out,2005-12-31,2005,245.156,245.156,0,8,7.981,1521.093,131,199,253,5.052,743.236,368.796,1.993,1.939,1.764,1489.888,2110.2,18.2,0.347,0.335,normal
2005,ames_CC_270.out,2006-12-31,2006,219.459,219.459,0,8,8,1523.23,138,201,256,4.759,664.686,321.835,1.973,1.97,1.78,1675.488,2470.1,21.6,0.354,0.35,normal
2005,ames_CC_270.out,2007-12-31,2007,212.491,212.491,0,8,7.973,1518.326,139,203,256,5.134,710.464,322.357,1.983,1.948,1.8,1498.44,1728.8,15.5,0.349,0.366,normal
2005,ames_CC_270.out,2008-12-31,2008,210.438,210.438,0,7.4,6.901,1153.268,142,211,279,3.874,665.724,286.609,1.994,1.84,1.803,1111.96,2439.3,21.4,0.355,0.37,normal
2005,ames_CC_270.out,2009-12-31,2009,223.65,223.65,0,8,8,1521.819,133,203,266,4.333,597.01,260.763,1.994,1.925,1.86,1352.262,3015.2,25.7,0.357,0.355,normal
2005,ames_CC_270.out,2010-12-31,2010,162.77,162.77,0,8,8,865.883,127,195,243,2.81,651.49,225.938,1.994,1.785,1.742,859.221,1507,12.9,0.349,0.34,normal
2005,ames_CC_270.out,2011-12-31,2011,206.475,206.475,0,7.9,7.9,1514.947,139,204,260,4.287,614.706,244.996,1.994,1.923,1.772,1474.129,2107.6,17,0.349,0.338,normal
2005,ames_CC_270.out,2012-12-31,2012,198.536,198.536,0,7.9,7.9,1506.64,137,195,244,4.616,846.53,418.604,1.744,1.992,1.773,1805.917,818.6,7.2,0.344,0.354,normal
2005,ames_CC_270.out,2013-12-31,2013,145.818,145.818,0,7.9,7.778,1520.993,150,211,265,4.712,678.716,327.781,1.966,1.965,1.861,1593.161,2628.9,26,0.336,0.354,normal
2005,ames_CC_270.out,2014-12-31,2014,159.546,159.546,0,7.9,7.9,976.773,134,203,262,2.683,578.83,200.892,1.994,1.815,1.798,896.541,2314.4,24.2,0.352,0.361,normal
2005,ames_CC_270.out,2015-12-31,2015,216.661,216.661,0,8.9,8.9,1301.285,141,206,263,4.536,718.282,283.633,1.993,1.873,1.865,1190.472,1084.9,9,0.375,0.332,normal
2005,ames_CC_270.out,2016-12-31,2016,204.312,204.312,0,8.6,8.6,1290.966,127,192,243,5.087,690.261,295.132,1.974,1.922,1.742,1381.193,1556.2,13,0.351,0.332,normal
2005,ames_CS_270.out,1996-12-31,1996,64.78,0,64.78,0,0,1501.621,?,187,269,6.229,758.574,257.763,1,1,1,1312.189,1159.2,10.3,0.352,0.307,normal
2005,ames_CS_270.out,1997-12-31,1997,238.92,238.92,0,7.9,7.9,1560.579,127.000,196,250,5.297,786.581,357.938,1.979,1.972,1.727,1783.345,966.4,11.5,0.347,0.32,normal
2005,ames_CS_270.out,1998-12-31,1998,43.801,0,43.801,0,0,1183.398,127.000,182,247,3.79,587.406,199.713,1,1.902,1,1124.59,4177.9,28.6,0.336,0.356,normal
2005,ames_CS_270.out,1999-12-31,1999,221.857,221.857,0,7.9,7.9,1518.746,146.000,207,269,4.437,831.408,305.915,1.994,1.914,1.825,1321.297,199.6,2,0.341,0.352,normal
2005,ames_CS_270.out,2000-12-31,2000,48.722,0,48.722,0,0,1545.898,146.000,186,254,4.466,696.453,231.908,1,1.956,1,1632.851,2577.8,22.3,0.349,0.313,normal
2005,ames_CS_270.out,2001-12-31,2001,211.291,211.291,0,7.5,7.5,1548.526,134.000,199,248,4.844,726.932,307.872,1.991,1.949,1.743,1631.399,487.9,5.2,0.347,0.337,normal
2005,ames_CS_270.out,2002-12-31,2002,43.188,0,43.188,0,0,1346.624,134.000,183,251,3.346,563.174,212.242,1,1.834,1,1113.279,5819,65.3,0.335,0.361,normal
2005,ames_CS_270.out,2003-12-31,2003,233.514,233.514,0,7.8,7.8,1500.458,126.000,198,253,4.275,808.793,382.624,1.981,1.938,1.752,1547.982,829.8,8.4,0.349,0.315,normal
2005,ames_CS_270.out,2004-12-31,2004,43.388,0,43.388,0,0,1527.445,126.000,196,0,3.567,643.992,163.555,1,1.957,1,1210.147,2731.5,23.6,0.341,0.342,normal
2005,ames_CS_270.out,2005-12-31,2005,256.146,256.146,0,8,8,1566.75,131.000,199,253,5.364,873.104,395.95,1.978,1.964,1.771,1702.608,332.7,5.6,0.347,0.311,normal
2005,ames_CS_270.out,2006-12-31,2006,61.663,0,61.663,0,0,1590.56,131.000,193,275,6.483,675.2,288.185,1,1.917,1,1648.425,2819.3,25.8,0.351,0.345,normal
2005,ames_CS_270.out,2007-12-31,2007,221.547,221.547,0,8,7.99,1576.763,139.000,203,256,5.252,825.028,336.93,1.984,1.962,1.805,1637.848,324.1,4.4,0.349,0.347,normal
2005,ames_CS_270.out,2008-12-31,2008,52.659,0,52.659,0,0,1251.75,139.000,195,0,4.147,623.263,216.091,1,1.833,1,949.28,2905.2,25.6,0.354,0.363,normal
2005,ames_CS_270.out,2009-12-31,2009,239.221,239.221,0,8,8,1517.423,133.000,203,266,4.724,752.233,282.255,1.994,1.958,1.869,1583.755,343.3,4.2,0.357,0.329,normal
2005,ames_CS_270.out,2010-12-31,2010,44.783,0,44.783,0,0,1093.322,133.000,182,244,4.808,717.19,228.46,1,1.873,1,849.079,1583.4,13.6,0.347,0.348,normal
2005,ames_CS_270.out,2011-12-31,2011,215.317,215.317,0,7.9,7.9,1508.962,139.000,204,260,4.553,679.854,259.735,1.994,1.941,1.776,1576.688,850.9,9.4,0.349,0.323,normal
2005,ames_CS_270.out,2012-12-31,2012,61.32,0,61.32,0,0,1605.594,139.000,185,252,6.092,861.953,369.987,0.935,1.966,1,1824.744,1327.5,11.6,0.341,0.349,normal
2005,ames_CS_270.out,2013-12-31,2013,152.74,152.74,0,7.9,7.9,1563.62,150.000,211,265,4.904,826.41,352.742,1.9,1.98,1.865,1721.369,412.4,4.5,0.334,0.315,normal
2005,ames_CS_270.out,2014-12-31,2014,51.683,0,51.683,0,0,1365.157,150.000,190,270,5.667,642.43,214.904,1,1.999,1,934.151,2050.6,19.8,0.35,0.352,normal
2005,ames_CS_270.out,2015-12-31,2015,222.969,222.969,0,8.9,8.9,1511.294,141.000,206,263,4.772,805.905,292.819,1.993,1.891,1.868,1327.545,250.7,3.1,0.375,0.304,normal
2005,ames_CS_270.out,2016-12-31,2016,56.869,0,56.869,0,0,1527.5,141.000,184,251,5.96,754.791,261.46,1,1.854,1,1355.301,1136.1,9.4,0.348,0.341,normal
2005,ames_SC_270.out,1996-12-31,1996,253.27,253.27,0,7.9,7.9,1501.719,129,198,255,4.992,759.643,334.108,1.994,1.914,1.75,1384.644,1176.3,10.5,0.352,0.306,normal
2005,ames_SC_270.out,1997-12-31,1997,50.367,0,50.367,0,0,1512.796,129,186,258,3.773,581.857,215.483,1,1.93,1,1374.772,4287.2,33,0.345,0.345,normal
2005,ames_SC_270.out,1998-12-31,1998,241.145,241.145,0,7.9,7.9,1177.56,126,192,244,3.772,750.871,306.81,1.994,1.905,1.672,1405.443,478.1,5.4,0.341,0.342,normal
2005,ames_SC_270.out,1999-12-31,1999,50.337,0,50.337,0,0,1358.63,126,190,266,4.017,743.678,215.924,1,1.866,1,1088.678,1524.9,11.2,0.338,0.368,normal
2005,ames_SC_270.out,2000-12-31,2000,159.678,159.678,0,7.4,7.4,1531.12,132,200,255,4.214,751.654,292.229,1.992,1.975,1.893,1757.917,569.5,6.9,0.352,0.199,normal
2005,ames_SC_270.out,2001-12-31,2001,61.817,0,61.817,0,0,1559.681,132,190,263,5.618,672.06,284.591,1,2,1,1448.814,3228.7,30.9,0.341,0.357,normal
2005,ames_SC_270.out,2002-12-31,2002,236.346,236.346,0,7.9,7.9,1527.922,130,195,248,4.935,809.952,345.38,1.986,1.961,1.789,1668.372,477.2,5.6,0.339,0.336,normal
2005,ames_SC_270.out,2003-12-31,2003,68.309,0,68.309,0,0,1505.662,130,190,267,6.526,673.046,316.135,0.999,1.878,1,1235.226,3815.8,32.5,0.346,0.343,normal
2005,ames_SC_270.out,2004-12-31,2004,260.789,260.789,0,8,8,1504.824,127,201,266,4.411,747.113,296.252,1.994,1.94,1.866,1471.163,436.5,5.2,0.346,0.34,normal
2005,ames_SC_270.out,2005-12-31,2005,66.669,0,66.669,0,0,1510,127,191,262,6.586,743.737,319.009,1,2,1,1371.938,2366.5,20.4,0.344,0.324,normal
2005,ames_SC_270.out,2006-12-31,2006,232.95,232.95,0,8,8,1603.334,138,201,256,4.825,778.206,340.887,1.954,1.983,1.783,1805.008,433.5,5.2,0.355,0.334,normal
2005,ames_SC_270.out,2007-12-31,2007,64.743,0,64.743,0,0,1575.141,138,193,264,7.565,721.701,317.742,1,1.822,1,1440.471,2609.9,23.3,0.347,0.36,normal
2005,ames_SC_270.out,2008-12-31,2008,229.975,229.975,0,7.4,7.379,1353.693,142,211,280,4.233,790.744,318.877,1.994,1.863,1.81,1208.055,474.5,5.1,0.355,0.351,normal
2005,ames_SC_270.out,2009-12-31,2009,59.963,0,59.963,0,0,1501.817,142,190,0,5.711,561.652,227.551,1,1.876,1,1256.277,3653.7,31.1,0.357,0.362,normal
2005,ames_SC_270.out,2010-12-31,2010,174.991,174.991,0,8,8,1060.1,127,195,243,3.037,722.861,243.453,1.994,1.802,1.748,945.06,433,5.7,0.349,0.328,normal
2005,ames_SC_270.out,2011-12-31,2011,50.462,0,50.462,0,0,1538.359,127,193,270,4.359,647.615,192.02,1,1.823,1,1407.899,1814.7,14.6,0.343,0.336,normal
2005,ames_SC_270.out,2012-12-31,2012,200.666,200.666,0,7.9,7.9,1565.128,137,195,244,4.712,935.182,425.388,1.728,1.995,1.774,1845.988,91.5,1.2,0.344,0.341,normal
2005,ames_SC_270.out,2013-12-31,2013,34.921,0,34.921,0,0,1527.07,137,200,270,4.329,624.113,187.476,0.996,2,1,1638.703,1529.3,15,0.334,0.36,normal
2005,ames_SC_270.out,2014-12-31,2014,186.487,186.487,0,7.9,7.9,1266.436,134,203,262,3.289,710.177,236.09,1.994,1.854,1.809,1109.591,320.9,4.1,0.352,0.34,normal
2005,ames_SC_270.out,2015-12-31,2015,56.571,0,56.571,0,0,1313.179,134,196,268,5.387,737.927,246.528,1,1.76,1,1029.464,1312.1,10.9,0.374,0.344,normal
2005,ames_SC_270.out,2016-12-31,2016,213.153,213.153,0,8.6,8.6,1585.672,127,192,243,5.274,765.928,308.553,1.987,1.93,1.745,1520.57,327.7,4,0.351,0.301,normal
