set_id,outfile,Date,year,CropYield,corn_buac,soy_buac,PlantDensityS,PlantDensityH,RootDepth,emergDOY,FlowerDate,MaturityDate,LAI_maximum,ETAnnual,CropTranspiration,AvgDroughtStress,AvgExcessiveWStress,AvgNStress,AvgWTInseason,ResidueWTatSowing,ResidueNatSowing,SWAverage,SWSowing,till
2004,ames_CC_270.out,1996-12-31,1996,249.584,249.584,0,7.9,7.9,1345.657,129,198,255,4.956,754.086,327.857,1.994,1.913,1.752,1374.673,1176.3,10.5,0.352,0.306,normal
2004,ames_CC_270.out,1997-12-31,1997,50.845,0,50.845,0,0,1515.766,129,186,258,3.827,589.837,217.735,1,1.931,1,1389.266,4162.8,33.3,0.345,0.345,normal
2004,ames_CC_270.out,1998-12-31,1998,241.962,241.962,0,7.9,7.9,1177.43,126,192,244,3.772,751.347,307.5,1.994,1.905,1.676,1405.982,481.2,5.5,0.341,0.342,normal
2004,ames_CC_270.out,1999-12-31,1999,215.932,215.932,0,7.9,7.9,1377.828,146,207,269,4.249,733.26,294.882,1.994,1.892,1.813,1213.879,1223.2,9,0.341,0.366,normal
2004,ames_CC_270.out,2000-12-31,2000,151.538,151.538,0,7.4,7.4,1501.465,132,200,255,3.897,647.046,268.047,1.993,1.946,1.882,1587.02,2499.3,21.5,0.352,0.316,normal
2004,ames_CC_270.out,2001-12-31,2001,199.497,199.497,0,6.5,6.5,1507.206,134,199,248,4.396,639.273,279.033,1.994,1.933,1.736,1486.068,2437.1,22.4,0.347,0.355,normal
2004,ames_CC_270.out,2002-12-31,2002,227.725,227.725,0,7.9,7.9,1490.906,130,195,248,4.813,726.788,331.151,1.99,1.944,1.786,1495.452,1624.4,13.8,0.339,0.348,normal
2004,ames_CC_270.out,2003-12-31,2003,215.009,215.009,0,7.8,7.8,1242.692,126,198,253,3.757,662.022,345.631,1.987,1.893,1.743,1303.585,3624.4,31.2,0.349,0.342,normal
2004,ames_CC_270.out,2004-12-31,2004,244.369,244.369,0,8,7.814,1371.178,127,201,266,4.011,641.753,273.711,1.994,1.91,1.856,1307.359,2179.2,18.8,0.347,0.353,normal
2004,ames_CC_270.out,2005-12-31,2005,245.627,245.627,0,8,8,1521.962,131,199,253,5.062,745.826,369.62,1.993,1.94,1.764,1493.485,2066.6,17.8,0.347,0.335,normal
2004,ames_CC_270.out,2006-12-31,2006,219.39,219.39,0,8,8,1522.933,138,201,256,4.76,664.069,321.727,1.973,1.97,1.78,1674.567,2485.9,21.7,0.355,0.35,normal
2004,ames_CC_270.out,2007-12-31,2007,212.524,212.524,0,8,8,1518.029,139,203,256,5.139,710.08,322.454,1.983,1.948,1.799,1497.859,1738.2,15.5,0.349,0.366,normal
2004,ames_CC_270.out,2008-12-31,2008,217.199,217.199,0,7.4,7.4,1151.944,142,211,279,4.007,667.469,292.094,1.994,1.84,1.803,1112.931,2444.7,21.5,0.355,0.37,normal
2004,ames_CC_270.out,2009-12-31,2009,223.649,223.649,0,8,8,1521.084,133,203,266,4.33,595.895,260.713,1.994,1.924,1.859,1350.591,3046.9,26,0.357,0.355,normal
2004,ames_CC_270.out,2010-12-31,2010,162.729,162.729,0,8,8,865.391,127,195,243,2.809,651.396,225.882,1.994,1.785,1.742,859.101,1509.7,13,0.349,0.34,normal
2004,ames_CC_270.out,2011-12-31,2011,206.479,206.479,0,7.9,7.9,1515.18,139,204,260,4.287,614.728,245.002,1.994,1.923,1.772,1474.165,2107.1,17,0.349,0.338,normal
2004,ames_CC_270.out,2012-12-31,2012,198.543,198.543,0,7.9,7.9,1506.694,137,195,244,4.616,846.594,418.623,1.744,1.992,1.773,1805.97,817,7.2,0.344,0.354,normal
2004,ames_CC_270.out,2013-12-31,2013,146.636,146.636,0,7.9,7.9,1521.014,150,211,265,4.733,678.849,328.547,1.966,1.965,1.861,1593.291,2629.2,26,0.336,0.354,normal
2004,ames_CC_270.out,2014-12-31,2014,159.534,159.534,0,7.9,7.9,976.65,134,203,262,2.683,578.762,200.876,1.994,1.815,1.798,896.468,2316,24.2,0.352,0.361,normal
2004,ames_CC_270.out,2015-12-31,2015,216.663,216.663,0,8.9,8.9,1301.345,141,206,263,4.537,718.292,283.636,1.993,1.873,1.865,1190.489,1084.8,9,0.375,0.332,normal
2004,ames_CC_270.out,2016-12-31,2016,204.312,204.312,0,8.6,8.6,1290.966,127,192,243,5.087,690.26,295.132,1.974,1.922,1.742,1381.191,1556.2,13,0.351,0.332,normal
2004,ames_CS_270.out,1996-12-31,1996,64.78,0,64.78,0,0,1501.621,?,187,269,6.229,758.574,257.763,1,1,1,1312.189,1159.2,10.3,0.352,0.307,normal
2004,ames_CS_270.out,1997-12-31,1997,238.92,238.92,0,7.9,7.9,1560.579,127.000,196,250,5.297,786.581,357.938,1.979,1.972,1.727,1783.345,966.4,11.5,0.347,0.32,normal
2004,ames_CS_270.out,1998-12-31,1998,43.801,0,43.801,0,0,1183.398,127.000,182,247,3.79,587.406,199.713,1,1.902,1,1124.59,4177.9,28.6,0.336,0.356,normal
2004,ames_CS_270.out,1999-12-31,1999,221.857,221.857,0,7.9,7.9,1518.746,146.000,207,269,4.437,831.408,305.915,1.994,1.914,1.825,1321.297,199.6,2,0.341,0.352,normal
2004,ames_CS_270.out,2000-12-31,2000,48.722,0,48.722,0,0,1545.898,146.000,186,254,4.466,696.453,231.908,1,1.956,1,1632.851,2577.8,22.3,0.349,0.313,normal
2004,ames_CS_270.out,2001-12-31,2001,211.291,211.291,0,7.5,7.5,1548.526,134.000,199,248,4.844,726.932,307.872,1.991,1.949,1.743,1631.399,487.9,5.2,0.347,0.337,normal
2004,ames_CS_270.out,2002-12-31,2002,43.188,0,43.188,0,0,1346.624,134.000,183,251,3.346,563.174,212.242,1,1.834,1,1113.279,5819,65.3,0.335,0.361,normal
2004,ames_CS_270.out,2003-12-31,2003,233.514,233.514,0,7.8,7.8,1500.458,126.000,198,253,4.275,808.793,382.624,1.981,1.938,1.752,1547.982,829.8,8.4,0.349,0.315,normal
2004,ames_CS_270.out,2004-12-31,2004,43.388,0,43.388,0,0,1527.445,126.000,196,0,3.567,643.992,163.555,1,1.957,1,1210.147,2731.5,23.6,0.341,0.342,normal
2004,ames_CS_270.out,2005-12-31,2005,256.146,256.146,0,8,8,1566.75,131.000,199,253,5.364,873.104,395.95,1.978,1.964,1.771,1702.608,332.7,5.6,0.347,0.311,normal
2004,ames_CS_270.out,2006-12-31,2006,61.663,0,61.663,0,0,1590.56,131.000,193,275,6.483,675.2,288.185,1,1.917,1,1648.425,2819.3,25.8,0.351,0.345,normal
2004,ames_CS_270.out,2007-12-31,2007,221.583,221.583,0,8,8,1576.774,139.000,203,256,5.255,825.045,337.011,1.984,1.962,1.805,1637.88,324.1,4.4,0.349,0.347,normal
2004,ames_CS_270.out,2008-12-31,2008,52.65,0,52.65,0,0,1251.187,139.000,195,0,4.145,623.167,216.045,1,1.833,1,949.16,2906.8,25.7,0.354,0.363,normal
2004,ames_CS_270.out,2009-12-31,2009,239.221,239.221,0,8,8,1517.423,133.000,203,266,4.724,752.24,282.255,1.994,1.958,1.869,1583.753,343.2,4.2,0.357,0.329,normal
2004,ames_CS_270.out,2010-12-31,2010,44.785,0,44.785,0,0,1093.379,133.000,182,244,4.808,717.196,228.47,1,1.873,1,849.086,1583.2,13.6,0.347,0.348,normal
2004,ames_CS_270.out,2011-12-31,2011,215.317,215.317,0,7.9,7.9,1508.95,139.000,204,260,4.553,679.853,259.735,1.994,1.941,1.776,1576.686,850.9,9.4,0.349,0.323,normal
2004,ames_CS_270.out,2012-12-31,2012,61.32,0,61.32,0,0,1605.594,139.000,185,252,6.092,861.956,369.987,0.935,1.966,1,1824.748,1327.4,11.6,0.341,0.349,normal
2004,ames_CS_270.out,2013-12-31,2013,152.74,152.74,0,7.9,7.9,1563.62,150.000,211,265,4.904,826.41,352.742,1.9,1.98,1.865,1721.369,412.4,4.5,0.334,0.315,normal
2004,ames_CS_270.out,2014-12-31,2014,51.684,0,51.684,0,0,1365.168,150.000,190,270,5.668,642.431,214.905,1,1.999,1,934.155,2050.5,19.8,0.35,0.352,normal
2004,ames_CS_270.out,2015-12-31,2015,222.969,222.969,0,8.9,8.9,1511.293,141.000,206,263,4.772,805.905,292.819,1.993,1.891,1.868,1327.545,250.7,3.1,0.375,0.304,normal
2004,ames_CS_270.out,2016-12-31,2016,56.869,0,56.869,0,0,1527.5,141.000,184,251,5.96,754.791,261.46,1,1.854,1,1355.301,1136.1,9.4,0.348,0.341,normal
2004,ames_SC_270.out,1996-12-31,1996,253.27,253.27,0,7.9,7.9,1501.719,129,198,255,4.992,759.643,334.108,1.994,1.914,1.75,1384.644,1176.3,10.5,0.352,0.306,normal
2004,ames_SC_270.out,1997-12-31,1997,50.367,0,50.367,0,0,1512.796,129,186,258,3.773,581.857,215.483,1,1.93,1,1374.772,4287.2,33,0.345,0.345,normal
2004,ames_SC_270.out,1998-12-31,1998,241.145,241.145,0,7.9,7.9,1177.56,126,192,244,3.772,750.871,306.81,1.994,1.905,1.672,1405.443,478.1,5.4,0.341,0.342,normal
2004,ames_SC_270.out,1999-12-31,1999,50.337,0,50.337,0,0,1358.63,126,190,266,4.017,743.678,215.924,1,1.866,1,1088.678,1524.9,11.2,0.338,0.368,normal
2004,ames_SC_270.out,2000-12-31,2000,159.678,159.678,0,7.4,7.4,1531.12,132,200,255,4.214,751.654,292.229,1.992,1.975,1.893,1757.917,569.5,6.9,0.352,0.199,normal
2004,ames_SC_270.out,2001-12-31,2001,61.817,0,61.817,0,0,1559.681,132,190,263,5.618,672.06,284.591,1,2,1,1448.814,3228.7,30.9,0.341,0.357,normal
2004,ames_SC_270.out,2002-12-31,2002,236.346,236.346,0,7.9,7.9,1527.922,130,195,248,4.935,809.952,345.38,1.986,1.961,1.789,1668.372,477.2,5.6,0.339,0.336,normal
2004,ames_SC_270.out,2003-12-31,2003,68.309,0,68.309,0,0,1505.662,130,190,267,6.526,673.046,316.135,0.999,1.878,1,1235.226,3815.8,32.5,0.346,0.343,normal
2004,ames_SC_270.out,2004-12-31,2004,259.683,259.683,0,8,7.814,1508.47,127,201,266,4.353,747.064,294.502,1.994,1.94,1.866,1471.033,436.5,5.2,0.346,0.34,normal
2004,ames_SC_270.out,2005-12-31,2005,67.052,0,67.052,0,0,1510.131,127,191,262,6.651,747.448,321.053,1,2,1,1379.133,2323.9,20.1,0.344,0.323,normal
2004,ames_SC_270.out,2006-12-31,2006,232.95,232.95,0,8,8,1603.324,138,201,256,4.825,778.016,340.885,1.954,1.983,1.783,1804.873,435.7,5.2,0.355,0.334,normal
2004,ames_SC_270.out,2007-12-31,2007,64.729,0,64.729,0,0,1575.006,138,193,264,7.561,721.564,317.611,1,1.822,1,1440.153,2611.3,23.3,0.347,0.36,normal
2004,ames_SC_270.out,2008-12-31,2008,230.25,230.25,0,7.4,7.4,1353.645,142,211,280,4.238,790.837,319.092,1.994,1.863,1.81,1208.078,474.3,5.1,0.355,0.351,normal
2004,ames_SC_270.out,2009-12-31,2009,59.933,0,59.933,0,0,1500.717,142,190,0,5.706,561.509,227.422,1,1.876,1,1256.054,3655.3,31.1,0.357,0.362,normal
2004,ames_SC_270.out,2010-12-31,2010,174.993,174.993,0,8,8,1060.195,127,195,243,3.037,722.876,243.455,1.994,1.802,1.748,945.079,432.8,5.7,0.349,0.328,normal
2004,ames_SC_270.out,2011-12-31,2011,50.462,0,50.462,0,0,1538.324,127,193,270,4.359,647.6,192.02,1,1.823,1,1407.867,1815,14.6,0.343,0.336,normal
2004,ames_SC_270.out,2012-12-31,2012,200.666,200.666,0,7.9,7.9,1565.128,137,195,244,4.712,935.182,425.388,1.728,1.995,1.774,1845.988,91.5,1.2,0.344,0.341,normal
2004,ames_SC_270.out,2013-12-31,2013,34.921,0,34.921,0,0,1527.069,137,200,270,4.329,624.108,187.476,0.996,2,1,1638.694,1529.5,15,0.334,0.36,normal
2004,ames_SC_270.out,2014-12-31,2014,186.487,186.487,0,7.9,7.9,1266.436,134,203,262,3.289,710.177,236.09,1.994,1.854,1.809,1109.591,321,4.1,0.352,0.34,normal
2004,ames_SC_270.out,2015-12-31,2015,56.571,0,56.571,0,0,1313.161,134,196,268,5.387,737.923,246.528,1,1.76,1,1029.459,1312.2,10.9,0.374,0.344,normal
2004,ames_SC_270.out,2016-12-31,2016,213.153,213.153,0,8.6,8.6,1585.672,127,192,243,5.274,765.928,308.553,1.987,1.93,1.745,1520.57,327.7,4,0.351,0.301,normal
